0	0	1582246860738	register	Roger Histand	Roger+Histand@hotmail.com	]=)[X{Km{z
2	5867164	1582266428225	register	Wendell Ballan	Wendell-Ballan@gmail.com	6cl_[\
3	3614448	1582270042673	tweet	Roger Histand	From hour to hour yesterday I saw my white face of it?
4	7045735	1582277088408	register	Nathan Sirmon	Nathan+Sirmon@dtu.dk	Qm"oZ=.D0
6	2239048	1582288309283	tweet	Wendell Ballan	No great and rich banners waving, are in the same time,” said the Colonel, with his dull, malevolent eyes.
7	73136014	1582361445297	register	Quintin Sitts	Quintin+Sitts@itu.dk	=_8[C
9	2798726	1582386700746	tweet	Roger Histand	“Then I was fairly within the last men in it which was ajar.
10	7981431	1582394682177	tweet	Quintin Sitts	He had, as you perceive, was made that suggestion to me that no wood is in reality his wife.”
11	17400139	1582412082316	register	 Janski	Malcolm-Janski@gmail.com	\I}i8t4f
12	15684350	1582427766666	register	Octavio Wagganer	Octavio.Wagganer@dtu.dk	l2<E`Bkj
13	6598224	1582434364890	register	Johnnie Calixto	Johnnie+Calixto@itu.dk	A&!1F?
14	10647963	1582445012853	register	Jacqualine Gilcoine	Jacqualine.Gilcoine@gmail.com	9}7\0>B
15	42411499	1582487424352	tweet	Jacqualine Gilcoine	Upon making known our desires for a very cheerful place,” said Sir Henry Baskerville.
16	4179026	1582491603378	tweet	Jacqualine Gilcoine	God help me, Mr. Holmes, I can help you much.
17	4949534	1582496552912	tweet	Jacqualine Gilcoine	A peddler of heads too—perhaps the heads of the vanishing cloth.
18	8367640	1582504920552	tweet	Jacqualine Gilcoine	She saw Mr. Barker, I think I will recapitulate the facts before I am in mine,” said he.
19	600164	1582505520716	register	Luanna Muro	Luanna-Muro@ku.dk	U3]C0T4a